n	translation 	3-d rotation    4-d rotation
1	1	            1	            1
2	3	            1	            1
3	15	            2	            2
4	86	            8	            7
5	534	            29	            23
6	3481	        166	            112
7	23502	        1023	        607
8	162913	        6922	        3811
9	1152870	        48311	        25413
10	8294738	        346543	        178083
11	60494549	    2522522	        1279537
12	446205905	    18598427	    9371094
13	3322769321	    138462649	    69513546
14	24946773111	    1039496297	    520878101
15	188625900446	7859514470	    3934285874
16	1435074454755	59795121480	    29915913663

1     1
2     1
3     2
4     7
5     23
6     112
7     607
8     3811
9     25413
10    178083
11    1279537
12    9371094

n = 12 finished in 71.0s

http://kevingong.com/Polyominoes/Enumeration.html
https://github.com/mikepound/cubes/issues/23